{"10075-00.png": {"intrinsics": [[2985.29, 0.0, 512.0], [0.0, 2985.29, 512.0], [0.0, 0.0, 1.0]], "pose": [[0.8981741070747375, 0.005936361383646727, 0.4395999312400818, -1.2305861711502075], [0.03931507095694542, -0.9969872236251831, -0.06686375290155411, 0.18940337002277374], [0.4378785789012909, 0.07733818888664246, -0.8957014679908752, 2.6564829349517822], [0.0, 0.0, 0.0, 1.0]], "angle": [0.07451138645410538, -0.4551531970500946, -0.006609269417822361]}, "10076-00.png": {"intrinsics": [[2985.29, 0.0, 512.0], [0.0, 2985.29, 512.0], [0.0, 0.0, 1.0]], "pose": [[0.9962977170944214, 0.004792246967554092, 0.08583685755729675, -0.22812263667583466], [0.01119281817227602, -0.9971775412559509, -0.0742415115237236, 0.2049267441034317], [0.08523879945278168, 0.07492739707231522, -0.9935392737388611, 2.793328046798706], [0.0, 0.0, 0.0, 1.0]], "angle": [0.07458566874265671, -0.08594261854887009, -0.004810018464922905]}, "10092-00.png": {"intrinsics": [[2985.29, 0.0, 512.0], [0.0, 2985.29, 512.0], [0.0, 0.0, 1.0]], "pose": [[0.861706554889679, 0.008596779778599739, 0.5073340535163879, -1.3885140419006348], [0.04005717113614082, -0.9978883862495422, -0.05112785845994949, 0.13615930080413818], [0.5058231949806213, 0.06437958031892776, -0.8602313995361328, 2.537271738052368], [0.0, 0.0, 0.0, 1.0]], "angle": [0.0593651682138443, -0.5320883393287659, -0.009976127184927464]}, "10093-00.png": {"intrinsics": [[2985.29, 0.0, 512.0], [0.0, 2985.29, 512.0], [0.0, 0.0, 1.0]], "pose": [[0.8282750248908997, -0.029903054237365723, -0.559523344039917, 1.456358551979065], [-0.0074004363268613815, -0.9990715980529785, 0.04243915155529976, -0.10494613647460938], [-0.5602729320526123, -0.031010570004582405, -0.8277273774147034, 2.3264355659484863], [0.0, 0.0, 0.0, 1.0]], "angle": [-0.05122704058885574, 0.5938105583190918, 0.03608713299036026]}, "10132-00.png": {"intrinsics": [[2985.29, 0.0, 512.0], [0.0, 2985.29, 512.0], [0.0, 0.0, 1.0]], "pose": [[0.771968424320221, -0.08213086426258087, 0.6303327083587646, -1.6048492193222046], [0.12352613359689713, -0.9533317685127258, -0.2754993140697479, 0.7064304351806641], [0.6235432028770447, 0.29053935408592224, -0.725796639919281, 2.0257763862609863], [0.0, 0.0, 0.0, 1.0]], "angle": [0.36278167366981506, -0.6819817423820496, 0.10599277168512344]}, "10136-00.png": {"intrinsics": [[2985.29, 0.0, 512.0], [0.0, 2985.29, 512.0], [0.0, 0.0, 1.0]], "pose": [[0.9593857526779175, 0.00649601174518466, 0.2820225656032562, -0.7590280771255493], [0.05158494412899017, -0.9869176745414734, -0.15274959802627563, 0.4131840765476227], [0.2773407995700836, 0.16109390556812286, -0.9471698999404907, 2.7066597938537598], [0.0, 0.0, 0.0, 1.0]], "angle": [0.15989281237125397, -0.28590160608291626, -0.006770907901227474]}, "10165-00.png": {"intrinsics": [[2985.29, 0.0, 512.0], [0.0, 2985.29, 512.0], [0.0, 0.0, 1.0]], "pose": [[0.9925113320350647, 0.011972097679972649, 0.12156468629837036, -0.29583099484443665], [0.026228316128253937, -0.992860734462738, -0.11636005342006683, 0.30087003111839294], [0.11930373311042786, 0.11867710947990417, -0.985739529132843, 2.5883374214172363], [0.0, 0.0, 0.0, 1.0]], "angle": [0.11749966442584991, -0.12186610698699951, -0.01206184457987547]}, "10176-00.png": {"intrinsics": [[2985.29, 0.0, 512.0], [0.0, 2985.29, 512.0], [0.0, 0.0, 1.0]], "pose": [[0.8771973848342896, 0.02708510123193264, 0.47936534881591797, -1.2364541292190552], [0.08097580820322037, -0.9924514293670654, -0.0921032726764679, 0.24733023345470428], [0.47325223684310913, 0.11960974335670471, -0.8727691173553467, 2.4232516288757324], [0.0, 0.0, 0.0, 1.0]], "angle": [0.1051407977938652, -0.4999314248561859, -0.03086705319583416]}, "10185-00.png": {"intrinsics": [[2985.29, 0.0, 512.0], [0.0, 2985.29, 512.0], [0.0, 0.0, 1.0]], "pose": [[0.8928429484367371, 0.005516518838703632, 0.4503343999385834, -1.2506738901138306], [0.02007864974439144, -0.999418318271637, -0.027565672993659973, 0.07342895120382309], [0.4499203860759735, 0.033653922379016876, -0.8924343585968018, 2.6398744583129883], [0.0, 0.0, 0.0, 1.0]], "angle": [0.03087836131453514, -0.4671398401260376, -0.006178520619869232]}, "10210-00.png": {"intrinsics": [[2985.29, 0.0, 512.0], [0.0, 2985.29, 512.0], [0.0, 0.0, 1.0]], "pose": [[0.9629210829734802, 0.020685968920588493, -0.2689889967441559, 0.6648332476615906], [-0.016801372170448303, -0.9905225038528442, -0.13631901144981384, 0.34003371000289917], [-0.2692595422267914, 0.1357838362455368, -0.9534474611282349, 2.5175716876983643], [0.0, 0.0, 0.0, 1.0]], "angle": [0.14201240241527557, 0.2723431885242462, -0.02147921547293663]}, "10217-00.png": {"intrinsics": [[2985.29, 0.0, 512.0], [0.0, 2985.29, 512.0], [0.0, 0.0, 1.0]], "pose": [[0.9317818880081177, 0.025324098765850067, 0.36213418841362, -0.8990824818611145], [0.013994615525007248, -0.9993281364440918, 0.03387461230158806, -0.07442837953567505], [0.36274874210357666, -0.02649582177400589, -0.9315102696418762, 2.470658779144287], [0.0, 0.0, 0.0, 1.0]], "angle": [-0.03634924441576004, -0.37055647373199463, -0.027171451598405838]}, "10218-00.png": {"intrinsics": [[2985.29, 0.0, 512.0], [0.0, 2985.29, 512.0], [0.0, 0.0, 1.0]], "pose": [[0.9488556385040283, 0.0006668269052170217, 0.31570953130722046, -0.8000006675720215], [0.047155965119600296, -0.9890792965888977, -0.1396367847919464, 0.3585413992404938], [0.3121686577796936, 0.1473827362060547, -0.9385249018669128, 2.552849054336548], [0.0, 0.0, 0.0, 1.0]], "angle": [0.1476997435092926, -0.3212043344974518, -0.0007027694955468178]}, "10219-00.png": {"intrinsics": [[2985.29, 0.0, 512.0], [0.0, 2985.29, 512.0], [0.0, 0.0, 1.0]], "pose": [[0.9459535479545593, 0.006671704351902008, -0.3242335915565491, 0.9168297648429871], [-0.057728204876184464, -0.980356752872467, -0.1885950267314911, 0.5351176261901855], [-0.319122850894928, 0.1971195489168167, -0.9269867539405823, 2.789182186126709], [0.0, 0.0, 0.0, 1.0]], "angle": [0.2007102072238922, 0.3302014470100403, -0.007052771747112274]}, "10242-00.png": {"intrinsics": [[2985.29, 0.0, 512.0], [0.0, 2985.29, 512.0], [0.0, 0.0, 1.0]], "pose": [[0.9687319397926331, 0.0018496972043067217, -0.24810294806957245, 0.6656051874160767], [-0.027380390092730522, -0.9930675625801086, -0.11431194841861725, 0.3188527524471283], [-0.24659442901611328, 0.11753079295158386, -0.9619655609130859, 2.734513521194458], [0.0, 0.0, 0.0, 1.0]], "angle": [0.11827699840068817, 0.2507214844226837, -0.001909398240968585]}, "10373-00.png": {"intrinsics": [[2985.29, 0.0, 512.0], [0.0, 2985.29, 512.0], [0.0, 0.0, 1.0]], "pose": [[0.9567697644233704, 0.010341762565076351, -0.2906624972820282, 0.7744100093841553], [-0.02671157568693161, -0.992019534111023, -0.12322215735912323, 0.3390655517578125], [-0.2896171808242798, 0.1256592720746994, -0.9488580822944641, 2.699885129928589], [0.0, 0.0, 0.0, 1.0]], "angle": [0.12914089858531952, 0.2949191629886627, -0.010808618739247322]}, "10426-00.png": {"intrinsics": [[2985.29, 0.0, 512.0], [0.0, 2985.29, 512.0], [0.0, 0.0, 1.0]], "pose": [[0.7751376032829285, 0.0498671755194664, -0.6298213601112366, 1.6569985151290894], [-0.005363352596759796, -0.996324896812439, -0.08548653870820999, 0.22584815323352814], [-0.6317696571350098, 0.06964178383350372, -0.7720214128494263, 2.197209119796753], [0.0, 0.0, 0.0, 1.0]], "angle": [0.11028151214122772, 0.6813231706619263, -0.06424478441476822]}, "10427-00.png": {"intrinsics": [[2985.29, 0.0, 512.0], [0.0, 2985.29, 512.0], [0.0, 0.0, 1.0]], "pose": [[0.9728918075561523, 0.0002572799567133188, 0.23126071691513062, -0.6089894771575928], [0.02912283129990101, -0.9921747446060181, -0.12141316384077072, 0.32472825050354004], [0.2294197976589203, 0.12485683709383011, -0.9652860760688782, 2.7127554416656494], [0.0, 0.0, 0.0, 1.0]], "angle": [0.12512238323688507, -0.23337332904338837, -0.00026444869581609964]}, "10466-00.png": {"intrinsics": [[2985.29, 0.0, 512.0], [0.0, 2985.29, 512.0], [0.0, 0.0, 1.0]], "pose": [[0.9999696016311646, 0.007526897359639406, -0.002040989464148879, 0.0084983604028821], [0.007295673247426748, -0.995335578918457, -0.09619717299938202, 0.27417540550231934], [-0.002755535766482353, 0.09617935866117477, -0.9953601956367493, 2.8722927570343018], [0.0, 0.0, 0.0, 1.0]], "angle": [0.09634636342525482, 0.002040990861132741, -0.007526984438300133]}, "10472-00.png": {"intrinsics": [[2985.29, 0.0, 512.0], [0.0, 2985.29, 512.0], [0.0, 0.0, 1.0]], "pose": [[0.9605841636657715, 0.02247658185660839, -0.2770792543888092, 0.7612005472183228], [-0.003199879080057144, -0.9957658648490906, -0.09186962246894836, 0.26034268736839294], [-0.2779709994792938, 0.08913511782884598, -0.9564449787139893, 2.7843215465545654], [0.0, 0.0, 0.0, 1.0]], "angle": [0.09575944393873215, 0.2807530164718628, -0.023394599556922913]}, "10474-00.png": {"intrinsics": [[2985.29, 0.0, 512.0], [0.0, 2985.29, 512.0], [0.0, 0.0, 1.0]], "pose": [[0.9997126460075378, -0.023930436000227928, 0.0013910671696066856, 0.0005897769588045776], [-0.02319641225039959, -0.9804163575172424, -0.19556492567062378, 0.4625663161277771], [0.006043778732419014, 0.1954764574766159, -0.9806897640228271, 2.423494338989258], [0.0, 0.0, 0.0, 1.0]], "angle": [0.19683367013931274, -0.001391067635267973, 0.023932743817567825]}, "10483-00.png": {"intrinsics": [[2985.29, 0.0, 512.0], [0.0, 2985.29, 512.0], [0.0, 0.0, 1.0]], "pose": [[0.9649720788002014, 0.016601424664258957, -0.2618269920349121, 0.6969326734542847], [-0.005921708419919014, -0.9963634014129639, -0.08500015735626221, 0.227055624127388], [-0.26228591799736023, 0.08357323706150055, -0.9613644480705261, 2.7172954082489014], [0.0, 0.0, 0.0, 1.0]], "angle": [0.0881868451833725, 0.26491475105285645, -0.0172023493796587]}, "10484-00.png": {"intrinsics": [[2985.29, 0.0, 512.0], [0.0, 2985.29, 512.0], [0.0, 0.0, 1.0]], "pose": [[0.9627128839492798, -0.004503851756453514, 0.27048760652542114, -0.705775260925293], [0.011315559968352318, -0.9983159303665161, -0.056896891444921494, 0.15539035201072693], [0.2702883183956146, 0.05783609300851822, -0.9610406756401062, 2.6569249629974365], [0.0, 0.0, 0.0, 1.0]], "angle": [0.05913439393043518, -0.27389949560165405, 0.004678257741034031]}, "10503-00.png": {"intrinsics": [[2985.29, 0.0, 512.0], [0.0, 2985.29, 512.0], [0.0, 0.0, 1.0]], "pose": [[0.9685838222503662, -0.015256499871611595, -0.24821880459785461, 0.6472553610801697], [-0.06095917150378227, -0.982231080532074, -0.17749927937984467, 0.4659942388534546], [-0.2411002218723297, 0.18705415725708008, -0.9523032307624817, 2.655003309249878], [0.0, 0.0, 0.0, 1.0]], "angle": [0.18427491188049316, 0.25084108114242554, 0.015750044956803322]}, "10504-00.png": {"intrinsics": [[2985.29, 0.0, 512.0], [0.0, 2985.29, 512.0], [0.0, 0.0, 1.0]], "pose": [[0.9939751029014587, -0.010570509359240532, -0.10909494012594223, 0.29345938563346863], [-0.028367139399051666, -0.9862352013587952, -0.16289685666561127, 0.4408782720565796], [-0.10587136447429657, 0.16501012444496155, -0.9805931448936462, 2.82405161857605], [0.0, 0.0, 0.0, 1.0]], "angle": [0.16461744904518127, 0.1093125119805336, 0.010634180158376694]}, "10516-00.png": {"intrinsics": [[2985.29, 0.0, 512.0], [0.0, 2985.29, 512.0], [0.0, 0.0, 1.0]], "pose": [[0.9407156705856323, 0.007084337994456291, -0.33912208676338196, 0.9363690614700317], [-0.03583173453807831, -0.9921123385429382, -0.12012173980474472, 0.3456655740737915], [-0.337298184633255, 0.12515173852443695, -0.9330418109893799, 2.7309887409210205], [0.0, 0.0, 0.0, 1.0]], "angle": [0.12803779542446136, 0.3459835350513458, -0.007530653849244118]}, "10522-00.png": {"intrinsics": [[2985.29, 0.0, 512.0], [0.0, 2985.29, 512.0], [0.0, 0.0, 1.0]], "pose": [[0.8477600812911987, 0.013965950347483158, -0.5301960110664368, 1.2828274965286255], [-0.07148824632167816, -0.9875221252441406, -0.14031900465488434, 0.3457145094871521], [-0.5255399346351624, 0.1568596214056015, -0.836183488368988, 2.1893129348754883], [0.0, 0.0, 0.0, 1.0]], "angle": [0.1662597954273224, 0.5588316917419434, -0.016472451388835907]}, "10524-00.png": {"intrinsics": [[2985.29, 0.0, 512.0], [0.0, 2985.29, 512.0], [0.0, 0.0, 1.0]], "pose": [[0.760306179523468, 0.004668013658374548, -0.6495481133460999, 1.7030731439590454], [-0.02755269780755043, -0.9988424181938171, -0.03942909464240074, 0.11282199621200562], [-0.6489803194999695, 0.04787498712539673, -0.7592974305152893, 2.1647584438323975], [0.0, 0.0, 0.0, 1.0]], "angle": [0.05188179016113281, 0.7069899439811707, -0.006139572709798813]}, "10525-00.png": {"intrinsics": [[2985.29, 0.0, 512.0], [0.0, 2985.29, 512.0], [0.0, 0.0, 1.0]], "pose": [[0.8310824036598206, 0.008986947126686573, 0.55607670545578, -1.4406261444091797], [0.023367878049612045, -0.9995507001876831, -0.01877029426395893, 0.05919409543275833], [0.5556581616401672, 0.028593992814421654, -0.8309190273284912, 2.3105456829071045], [0.0, 0.0, 0.0, 1.0]], "angle": [0.022585958242416382, -0.5896578431129456, -0.010813123546540737]}, "10527-00.png": {"intrinsics": [[2985.29, 0.0, 512.0], [0.0, 2985.29, 512.0], [0.0, 0.0, 1.0]], "pose": [[0.9072855114936829, 0.013016819953918457, 0.42031368613243103, -1.055165410041809], [0.03224911913275719, -0.9987310171127319, -0.03868266940116882, 0.09983307868242264], [0.41927677392959595, 0.04865097254514694, -0.9065539240837097, 2.4359424114227295], [0.0, 0.0, 0.0, 1.0]], "angle": [0.04264414310455322, -0.43379101157188416, -0.01434601005166769]}, "10528-00.png": {"intrinsics": [[2985.29, 0.0, 512.0], [0.0, 2985.29, 512.0], [0.0, 0.0, 1.0]], "pose": [[0.9504028558731079, 0.0028166493866592646, 0.31100890040397644, -0.8105255961418152], [0.04542608559131622, -0.9904930591583252, -0.12984584271907806, 0.349235475063324], [0.3076864182949066, 0.1375337690114975, -0.941495418548584, 2.6131138801574707], [0.0, 0.0, 0.0, 1.0]], "angle": [0.13704992830753326, -0.3162543773651123, -0.00296362885273993]}, "10529-00.png": {"intrinsics": [[2985.29, 0.0, 512.0], [0.0, 2985.29, 512.0], [0.0, 0.0, 1.0]], "pose": [[0.9776782989501953, -0.010033348575234413, 0.20986798405647278, -0.5623542070388794], [0.017488665878772736, -0.9915068745613098, -0.12887348234653473, 0.35375237464904785], [0.20937857031822205, 0.12966711819171906, -0.9691991806030273, 2.7632195949554443], [0.0, 0.0, 0.0, 1.0]], "angle": [0.13219358026981354, -0.21143993735313416, 0.010262062773108482]}, "10533-00.png": {"intrinsics": [[2985.29, 0.0, 512.0], [0.0, 2985.29, 512.0], [0.0, 0.0, 1.0]], "pose": [[0.9635283946990967, 0.0011155676329508424, 0.2676037549972534, -0.6913381814956665], [0.03169944882392883, -0.9934265613555908, -0.1099950298666954, 0.2961731553077698], [0.2657219469547272, 0.11446622759103775, -0.9572300314903259, 2.6426000595092773], [0.0, 0.0, 0.0, 1.0]], "angle": [0.11440791934728622, -0.2709052264690399, -0.0011577936820685863]}, "10535-00.png": {"intrinsics": [[2985.29, 0.0, 512.0], [0.0, 2985.29, 512.0], [0.0, 0.0, 1.0]], "pose": [[0.8913333415985107, 0.03774194419384003, 0.4517746865749359, -1.2356117963790894], [0.04238748550415039, -0.9991012811660767, -0.00016236885858234018, 0.008896871469914913], [0.4513625502586365, 0.019294317811727524, -0.892132043838501, 2.5935020446777344], [0.0, 0.0, 0.0, 1.0]], "angle": [0.00018200092017650604, -0.4687536060810089, -0.042317964136600494]}, "10537-00.png": {"intrinsics": [[2985.29, 0.0, 512.0], [0.0, 2985.29, 512.0], [0.0, 0.0, 1.0]], "pose": [[0.9142865538597107, 0.013922539539635181, 0.4048287570476532, -1.1408424377441406], [0.0634186714887619, -0.99200439453125, -0.10911186784505844, 0.30904263257980347], [0.40007278323173523, 0.12543320655822754, -0.907859206199646, 2.7166647911071777], [0.0, 0.0, 0.0, 1.0]], "angle": [0.1196121796965599, -0.41679155826568604, -0.015226587653160095]}, "10592-00.png": {"intrinsics": [[2985.29, 0.0, 512.0], [0.0, 2985.29, 512.0], [0.0, 0.0, 1.0]], "pose": [[0.9626332521438599, 0.033981237560510635, 0.26866820454597473, -0.6536024212837219], [0.05212084949016571, -0.9967960119247437, -0.060672976076602936, 0.1576737016439438], [0.2657456398010254, 0.07240903377532959, -0.9613200426101685, 2.4801783561706543], [0.0, 0.0, 0.0, 1.0]], "angle": [0.06303063035011292, -0.2720101475715637, -0.03528564050793648]}, "10596-00.png": {"intrinsics": [[2985.29, 0.0, 512.0], [0.0, 2985.29, 512.0], [0.0, 0.0, 1.0]], "pose": [[0.9773438572883606, 0.014194801449775696, 0.21118125319480896, -0.5795808434486389], [0.03162722289562225, -0.9963409900665283, -0.07940008491277695, 0.22017134726047516], [0.20928147435188293, 0.08428025990724564, -0.974216639995575, 2.836851119995117], [0.0, 0.0, 0.0, 1.0]], "angle": [0.08132172375917435, -0.2127833068370819, -0.014522834680974483]}, "10598-00.png": {"intrinsics": [[2985.29, 0.0, 512.0], [0.0, 2985.29, 512.0], [0.0, 0.0, 1.0]], "pose": [[0.9287706017494202, 0.024789247661828995, 0.3698250651359558, -0.981056272983551], [0.032996583729982376, -0.9993292689323425, -0.015882208943367004, 0.05258513614535332], [0.3691833019256592, 0.026953894644975662, -0.92896568775177, 2.6195790767669678], [0.0, 0.0, 0.0, 1.0]], "angle": [0.017094993963837624, -0.3788207173347473, -0.026684051379561424]}, "10599-00.png": {"intrinsics": [[2985.29, 0.0, 512.0], [0.0, 2985.29, 512.0], [0.0, 0.0, 1.0]], "pose": [[0.9420455694198608, -0.011248823255300522, 0.3352962136268616, -0.8705012202262878], [0.03189864009618759, -0.9919063448905945, -0.12289954721927643, 0.33018308877944946], [0.33396491408348083, 0.12647247314453125, -0.9340621829032898, 2.602292537689209], [0.0, 0.0, 0.0, 1.0]], "angle": [0.13082385063171387, -0.3419196307659149, 0.01194028090685606]}, "10602-00.png": {"intrinsics": [[2985.29, 0.0, 512.0], [0.0, 2985.29, 512.0], [0.0, 0.0, 1.0]], "pose": [[0.9994989633560181, -0.01016115490347147, 0.029975907877087593, -0.0713946670293808], [-0.006692797876894474, -0.9935024380683899, -0.11361415684223175, 0.2738579213619232], [0.030935587361454964, 0.11335660517215729, -0.9930726885795593, 2.559903621673584], [0.0, 0.0, 0.0, 1.0]], "angle": [0.11391142010688782, -0.02998039871454239, 0.010165898129343987]}, "10603-00.png": {"intrinsics": [[2985.29, 0.0, 512.0], [0.0, 2985.29, 512.0], [0.0, 0.0, 1.0]], "pose": [[0.9769586324691772, 0.01603877916932106, -0.21282540261745453, 0.5354806780815125], [-0.0036105383187532425, -0.9957877397537231, -0.09161766618490219, 0.23509198427200317], [-0.21339836716651917, 0.09027508646249771, -0.9727854132652283, 2.6148886680603027], [0.0, 0.0, 0.0, 1.0]], "angle": [0.09390376508235931, 0.21446570754051208, -0.01641557738184929]}, "10605-00.png": {"intrinsics": [[2985.29, 0.0, 512.0], [0.0, 2985.29, 512.0], [0.0, 0.0, 1.0]], "pose": [[0.9326227903366089, 0.003989404533058405, 0.36083075404167175, -0.9588143229484558], [0.06650406867265701, -0.9847108125686646, -0.16100288927555084, 0.4298994243144989], [0.3546716570854187, 0.17415167391300201, -0.918628990650177, 2.589698553085327], [0.0, 0.0, 0.0, 1.0]], "angle": [0.1735021322965622, -0.3691585063934326, -0.004277592524886131]}, "10751-00.png": {"intrinsics": [[2985.29, 0.0, 512.0], [0.0, 2985.29, 512.0], [0.0, 0.0, 1.0]], "pose": [[0.8849387168884277, -0.021266859024763107, 0.4652215838432312, -1.180637240409851], [0.06207429617643356, -0.9846566915512085, -0.16308896243572235, 0.42548221349716187], [0.4615519046783447, 0.1732020527124405, -0.8700407147407532, 2.3810057640075684], [0.0, 0.0, 0.0, 1.0]], "angle": [0.18529945611953735, -0.48388490080833435, 0.0240273866802454]}, "10753-00.png": {"intrinsics": [[2985.29, 0.0, 512.0], [0.0, 2985.29, 512.0], [0.0, 0.0, 1.0]], "pose": [[0.9416601061820984, 0.0024745219852775335, -0.33655622601509094, 0.9228114485740662], [-0.025588907301425934, -0.9965522289276123, -0.0789230465888977, 0.23024672269821167], [-0.3355911374092102, 0.082930788397789, -0.9383502006530762, 2.7277607917785645], [0.0, 0.0, 0.0, 1.0]], "angle": [0.08391081541776657, 0.3432573676109314, -0.0026278230361640453]}, "10754-00.png": {"intrinsics": [[2985.29, 0.0, 512.0], [0.0, 2985.29, 512.0], [0.0, 0.0, 1.0]], "pose": [[0.9625548124313354, -0.0006184680969454348, 0.2710864543914795, -0.6988111138343811], [0.04570155218243599, -0.985314130783081, -0.16452181339263916, 0.4330649673938751], [0.2672070562839508, 0.17075033485889435, -0.9483906030654907, 2.602604866027832], [0.0, 0.0, 0.0, 1.0]], "angle": [0.17176534235477448, -0.2745215594768524, 0.0006425275932997465]}, "10758-00.png": {"intrinsics": [[2985.29, 0.0, 512.0], [0.0, 2985.29, 512.0], [0.0, 0.0, 1.0]], "pose": [[0.9739156365394592, 0.006373545154929161, 0.2268209457397461, -0.6099653840065002], [0.029015786945819855, -0.9948972463607788, -0.09663087129592896, 0.27187177538871765], [0.22504764795303345, 0.10069170594215393, -0.9691309332847595, 2.7717998027801514], [0.0, 0.0, 0.0, 1.0]], "angle": [0.09938031435012817, -0.2288123071193695, -0.006544154137372971]}, "10759-00.png": {"intrinsics": [[2985.29, 0.0, 512.0], [0.0, 2985.29, 512.0], [0.0, 0.0, 1.0]], "pose": [[0.9839198589324951, -0.004402619320899248, 0.17855630815029144, -0.45431485772132874], [0.016141384840011597, -0.9934136867523193, -0.1134401336312294, 0.293197363615036], [0.1778797209262848, 0.11449814587831497, -0.9773684144020081, 2.6353437900543213], [0.0, 0.0, 0.0, 1.0]], "angle": [0.11554989218711853, -0.17951898276805878, 0.004474541172385216]}, "10760-00.png": {"intrinsics": [[2985.29, 0.0, 512.0], [0.0, 2985.29, 512.0], [0.0, 0.0, 1.0]], "pose": [[0.9886200428009033, -0.00810251571238041, 0.15021564066410065, -0.37000659108161926], [0.005054350942373276, -0.9961956739425659, -0.08699841052293777, 0.22143611311912537], [0.15034908056259155, 0.08676762133836746, -0.9848179817199707, 2.6097118854522705], [0.0, 0.0, 0.0, 1.0]], "angle": [0.08811085671186447, -0.1507863849401474, 0.008195600472390652]}, "10761-00.png": {"intrinsics": [[2985.29, 0.0, 512.0], [0.0, 2985.29, 512.0], [0.0, 0.0, 1.0]], "pose": [[0.9794604182243347, -0.0008417879580520093, 0.2016347050666809, -0.5254102945327759], [0.015168668702244759, -0.9968500733375549, -0.07784496992826462, 0.20849230885505676], [0.2010650932788849, 0.07930459827184677, -0.976362407207489, 2.6906304359436035], [0.0, 0.0, 0.0, 1.0]], "angle": [0.0795612782239914, -0.20302662253379822, 0.000859440304338932]}, "10774-00.png": {"intrinsics": [[2985.29, 0.0, 512.0], [0.0, 2985.29, 512.0], [0.0, 0.0, 1.0]], "pose": [[0.9882251620292664, 0.005439317785203457, 0.15290984511375427, -0.4030230641365051], [0.02497159130871296, -0.9917019605636597, -0.12610942125320435, 0.3370770514011383], [0.15095505118370056, 0.1284429132938385, -0.980160653591156, 2.740402936935425], [0.0, 0.0, 0.0, 1.0]], "angle": [0.1279590129852295, -0.15351207554340363, -0.005504072643816471]}, "10775-00.png": {"intrinsics": [[2985.29, 0.0, 512.0], [0.0, 2985.29, 512.0], [0.0, 0.0, 1.0]], "pose": [[0.849568784236908, -0.010947249829769135, 0.5273641347885132, -1.3895602226257324], [0.02001560479402542, -0.9983955025672913, -0.05296970158815384, 0.14773215353488922], [0.5270978212356567, 0.05555691942572594, -0.8479865789413452, 2.4080231189727783], [0.0, 0.0, 0.0, 1.0]], "angle": [0.06238420307636261, -0.5554952621459961, 0.012884940952062607]}, "10776-00.png": {"intrinsics": [[2985.29, 0.0, 512.0], [0.0, 2985.29, 512.0], [0.0, 0.0, 1.0]], "pose": [[0.9563979506492615, 0.0064449911005795, 0.2919955849647522, -0.721463680267334], [0.038890186697244644, -0.993664026260376, -0.10544796288013458, 0.2752567529678345], [0.28946590423583984, 0.11220598220825195, -0.9505888819694519, 2.52359676361084], [0.0, 0.0, 0.0, 1.0]], "angle": [0.11047741770744324, -0.29631268978118896, -0.006738715805113316]}, "10782-00.png": {"intrinsics": [[2985.29, 0.0, 512.0], [0.0, 2985.29, 512.0], [0.0, 0.0, 1.0]], "pose": [[0.8994980454444885, 0.01564871333539486, 0.4366444945335388, -1.1893129348754883], [0.06487208604812622, -0.9930650591850281, -0.09804800152778625, 0.27620819211006165], [0.43208208680152893, 0.11652002483606339, -0.8942751884460449, 2.6056180000305176], [0.0, 0.0, 0.0, 1.0]], "angle": [0.10920344293117523, -0.45186543464660645, -0.01739540882408619]}, "10783-00.png": {"intrinsics": [[2985.29, 0.0, 512.0], [0.0, 2985.29, 512.0], [0.0, 0.0, 1.0]], "pose": [[0.9523134231567383, -0.01002008281648159, 0.3049567639827728, -0.813266396522522], [0.019482102245092392, -0.9954243302345276, -0.09354540705680847, 0.2544782757759094], [0.30449873208999634, 0.09502574801445007, -0.947760820388794, 2.7093794345855713], [0.0, 0.0, 0.0, 1.0]], "angle": [0.09838283061981201, -0.30989304184913635, 0.01052144356071949]}, "10784-00.png": {"intrinsics": [[2985.29, 0.0, 512.0], [0.0, 2985.29, 512.0], [0.0, 0.0, 1.0]], "pose": [[0.9748314619064331, -0.013996384106576443, -0.22250330448150635, 0.5705121159553528], [-0.04360298067331314, -0.9907228946685791, -0.12871277332305908, 0.3499552607536316], [-0.2186376005411148, 0.13517507910728455, -0.9663981199264526, 2.646247625350952], [0.0, 0.0, 0.0, 1.0]], "angle": [0.13240888714790344, 0.22438138723373413, 0.014356761239469051]}, "10787-00.png": {"intrinsics": [[2985.29, 0.0, 512.0], [0.0, 2985.29, 512.0], [0.0, 0.0, 1.0]], "pose": [[0.930963933467865, 0.011406549252569675, -0.364933043718338, 1.0047686100006104], [-0.014973698183894157, -0.997478187084198, -0.06937643885612488, 0.19518202543258667], [-0.36480408906936646, 0.07005135715007782, -0.9284453988075256, 2.7296714782714844], [0.0, 0.0, 0.0, 1.0]], "angle": [0.07458462566137314, 0.3735608756542206, -0.012251794338226318]}, "10791-00.png": {"intrinsics": [[2985.29, 0.0, 512.0], [0.0, 2985.29, 512.0], [0.0, 0.0, 1.0]], "pose": [[0.9823941588401794, 0.0015637751203030348, 0.18681344389915466, -0.5203499794006348], [0.021566784009337425, -0.9942287802696228, -0.10509058088064194, 0.30413368344306946], [0.18557097017765045, 0.10726933926343918, -0.9767583012580872, 2.8822264671325684], [0.0, 0.0, 0.0, 1.0]], "angle": [0.10717889666557312, -0.18791748583316803, -0.0015917987329885364]}, "10794-00.png": {"intrinsics": [[2985.29, 0.0, 512.0], [0.0, 2985.29, 512.0], [0.0, 0.0, 1.0]], "pose": [[0.9740923047065735, 0.010806959122419357, 0.22589264810085297, -0.6248270273208618], [0.024124260991811752, -0.9981237053871155, -0.05627705156803131, 0.1667761206626892], [0.22486063838005066, 0.06026853248476982, -0.9725252389907837, 2.8353922367095947], [0.0, 0.0, 0.0, 1.0]], "angle": [0.0578024685382843, -0.2278592735528946, -0.011093934066593647]}, "10795-00.png": {"intrinsics": [[2985.29, 0.0, 512.0], [0.0, 2985.29, 512.0], [0.0, 0.0, 1.0]], "pose": [[0.9857820272445679, 0.003416901221498847, -0.16799427568912506, 0.44260045886039734], [-0.029995009303092957, -0.9801560640335083, -0.19594500958919525, 0.532346248626709], [-0.16533012688159943, 0.19819806516170502, -0.966117799282074, 2.7116241455078125], [0.0, 0.0, 0.0, 1.0]], "angle": [0.20010264217853546, 0.1687946766614914, -0.003466169349849224]}, "10801-00.png": {"intrinsics": [[2985.29, 0.0, 512.0], [0.0, 2985.29, 512.0], [0.0, 0.0, 1.0]], "pose": [[0.9736390709877014, -0.012217647396028042, 0.2277667224407196, -0.5973517894744873], [0.0224318727850914, -0.9885948896408081, -0.1489192545413971, 0.3931867480278015], [0.22698844969272614, 0.15010283887386322, -0.9622605443000793, 2.686598062515259], [0.0, 0.0, 0.0, 1.0]], "angle": [0.15354174375534058, -0.22978350520133972, 0.012547777965664864]}, "10834-00.png": {"intrinsics": [[2985.29, 0.0, 512.0], [0.0, 2985.29, 512.0], [0.0, 0.0, 1.0]], "pose": [[0.9316017627716064, 0.0074533261358737946, 0.36340418457984924, -0.9683365225791931], [0.02858160436153412, -0.9981961250305176, -0.052797384560108185, 0.14554978907108307], [0.36235514283180237, 0.05957281216979027, -0.9301342368125916, 2.6465909481048584], [0.0, 0.0, 0.0, 1.0]], "angle": [0.05670233815908432, -0.37191930413246155, -0.008000379428267479]}, "10837-02.png": {"intrinsics": [[2985.29, 0.0, 512.0], [0.0, 2985.29, 512.0], [0.0, 0.0, 1.0]], "pose": [[0.9580543637275696, 0.036362629383802414, 0.2842702567577362, -0.6710616946220398], [0.06424005329608917, -0.9939252138137817, -0.08936470001935959, 0.2200068086385727], [0.27929383516311646, 0.10387778282165527, -0.9545702338218689, 2.441227436065674], [0.0, 0.0, 0.0, 1.0]], "angle": [0.09334566444158554, -0.28824520111083984, -0.03793645277619362]}, "10845-00.png": {"intrinsics": [[2985.29, 0.0, 512.0], [0.0, 2985.29, 512.0], [0.0, 0.0, 1.0]], "pose": [[0.8393560647964478, -0.007327154278755188, 0.54353266954422, -1.4283112287521362], [0.06712565571069717, -0.990858793258667, -0.11701688170433044, 0.3203081786632538], [0.539421558380127, 0.13470381498336792, -0.8311914801597595, 2.343522787094116], [0.0, 0.0, 0.0, 1.0]], "angle": [0.13986292481422424, -0.5746400356292725, 0.008729273453354836]}, "10849-00.png": {"intrinsics": [[2985.29, 0.0, 512.0], [0.0, 2985.29, 512.0], [0.0, 0.0, 1.0]], "pose": [[0.9835938811302185, -0.002170190680772066, -0.1803840547800064, 0.49606940150260925], [-0.023260682821273804, -0.9931061267852783, -0.1148872971534729, 0.322360098361969], [-0.17889118194580078, 0.11719830334186554, -0.9768636226654053, 2.844733476638794], [0.0, 0.0, 0.0, 1.0]], "angle": [0.11707054823637009, 0.18137690424919128, 0.0022063853684812784]}, "10850-00.png": {"intrinsics": [[2985.29, 0.0, 512.0], [0.0, 2985.29, 512.0], [0.0, 0.0, 1.0]], "pose": [[0.9316235780715942, -0.02961939573287964, -0.3622155785560608, 1.001190423965454], [-0.059990521520376205, -0.9955341815948486, -0.0728888064622879, 0.20694126188755035], [-0.35843905806541443, 0.08963443338871002, -0.9292400479316711, 2.726008176803589], [0.0, 0.0, 0.0, 1.0]], "angle": [0.07827888429164886, 0.3706437945365906, 0.0317826010286808]}, "10852-00.png": {"intrinsics": [[2985.29, 0.0, 512.0], [0.0, 2985.29, 512.0], [0.0, 0.0, 1.0]], "pose": [[0.8896457552909851, 0.0008673528209328651, -0.4566504955291748, 1.2712749242782593], [-0.047495510429143906, -0.9943988919258118, -0.09441941976547241, 0.26222825050354004], [-0.45417463779449463, 0.1056886836886406, -0.8846215605735779, 2.6459476947784424], [0.0, 0.0, 0.0, 1.0]], "angle": [0.10633168369531631, 0.47422656416893005, -0.0009749415330588818]}, "10853-00.png": {"intrinsics": [[2985.29, 0.0, 512.0], [0.0, 2985.29, 512.0], [0.0, 0.0, 1.0]], "pose": [[0.9560655951499939, -0.0032859158236533403, -0.29313430190086365, 0.7885645627975464], [0.0006138100288808346, -0.9999125599861145, 0.013210568577051163, -0.039324089884757996], [-0.2931520640850067, -0.012810098938643932, -0.9559799432754517, 2.762544631958008], [0.0, 0.0, 0.0, 1.0]], "angle": [-0.01381799578666687, 0.2975035011768341, 0.003436900908127427]}, "10859-00.png": {"intrinsics": [[2985.29, 0.0, 512.0], [0.0, 2985.29, 512.0], [0.0, 0.0, 1.0]], "pose": [[0.9605270028114319, -0.00014027200813870877, 0.2781868278980255, -0.7046612501144409], [0.021359974518418312, -0.9970105290412903, -0.07425471395254135, 0.19726184010505676], [0.27736562490463257, 0.07726572453975677, -0.9576525092124939, 2.5862464904785156], [0.0, 0.0, 0.0, 1.0]], "angle": [0.07738343626260757, -0.2819059193134308, 0.00014603650197386742]}, "10862-00.png": {"intrinsics": [[2985.29, 0.0, 512.0], [0.0, 2985.29, 512.0], [0.0, 0.0, 1.0]], "pose": [[0.9710991382598877, 0.009706690907478333, 0.2384791225194931, -0.6048799753189087], [0.022388651967048645, -0.9984716773033142, -0.050527460873126984, 0.13560888171195984], [0.23762419819831848, 0.05440639331936836, -0.9698323607444763, 2.632920026779175], [0.0, 0.0, 0.0, 1.0]], "angle": [0.05205211043357849, -0.24079948663711548, -0.009995238855481148]}, "10863-00.png": {"intrinsics": [[2985.29, 0.0, 512.0], [0.0, 2985.29, 512.0], [0.0, 0.0, 1.0]], "pose": [[0.991696834564209, 0.002168582985177636, -0.1285792738199234, 0.3316930830478668], [-0.017044996842741966, -0.988819420337677, -0.1481405794620514, 0.3803607225418091], [-0.12746292352676392, 0.14910218119621277, -0.9805721640586853, 2.683340311050415], [0.0, 0.0, 0.0, 1.0]], "angle": [0.14994175732135773, 0.12893623113632202, -0.002186736324802041]}, "10864-00.png": {"intrinsics": [[2985.29, 0.0, 512.0], [0.0, 2985.29, 512.0], [0.0, 0.0, 1.0]], "pose": [[0.9072920680046082, 0.0009150778641924262, -0.42050012946128845, 1.1020795106887817], [-0.027337150648236275, -0.9977538585662842, -0.061155274510383606, 0.16806256771087646], [-0.4196115732192993, 0.06698097288608551, -0.9052290320396423, 2.5475568771362305], [0.0, 0.0, 0.0, 1.0]], "angle": [0.06745528429746628, 0.4339964687824249, -0.0010085810208693147]}, "10866-00.png": {"intrinsics": [[2985.29, 0.0, 512.0], [0.0, 2985.29, 512.0], [0.0, 0.0, 1.0]], "pose": [[0.9895976185798645, 0.008771701715886593, -0.14359553158283234, 0.3643743395805359], [-0.00896812416613102, -0.9924368262290955, -0.12242855131626129, 0.3225514590740204], [-0.14358338713645935, 0.12244278192520142, -0.98203444480896, 2.69840669631958], [0.0, 0.0, 0.0, 1.0]], "angle": [0.12402837723493576, 0.14409364759922028, -0.008863675408065319]}, "10867-00.png": {"intrinsics": [[2985.29, 0.0, 512.0], [0.0, 2985.29, 512.0], [0.0, 0.0, 1.0]], "pose": [[0.9236986041069031, 0.004873639903962612, 0.3830891251564026, -0.9735431671142578], [0.03237029165029526, -0.9973364472389221, -0.06536268442869186, 0.16779789328575134], [0.3817501962184906, 0.07277612388134003, -0.9213959574699402, 2.5171048641204834], [0.0, 0.0, 0.0, 1.0]], "angle": [0.07082012295722961, -0.39313822984695435, -0.005276174750179052]}, "10880-00.png": {"intrinsics": [[2985.29, 0.0, 512.0], [0.0, 2985.29, 512.0], [0.0, 0.0, 1.0]], "pose": [[0.9926283955574036, 0.02349104732275009, 0.1188989207148552, -0.3065275251865387], [0.0414680540561676, -0.9876538515090942, -0.15106400847434998, 0.3993888199329376], [0.11388231813907623, 0.15488094091415405, -0.9813473224639893, 2.7085065841674805], [0.0, 0.0, 0.0, 1.0]], "angle": [0.15273641049861908, -0.11918086558580399, -0.023661082610487938]}, "10881-00.png": {"intrinsics": [[2985.29, 0.0, 512.0], [0.0, 2985.29, 512.0], [0.0, 0.0, 1.0]], "pose": [[0.9188028573989868, 0.0062310597859323025, 0.39466747641563416, -1.057363510131836], [0.05338446795940399, -0.992650032043457, -0.10860926657915115, 0.2981913983821869], [0.39108991622924805, 0.12085962295532227, -0.9123823642730713, 2.6188912391662598], [0.0, 0.0, 0.0, 1.0]], "angle": [0.11848165839910507, -0.40570592880249023, -0.00678161159157753]}, "10882-00.png": {"intrinsics": [[2985.29, 0.0, 512.0], [0.0, 2985.29, 512.0], [0.0, 0.0, 1.0]], "pose": [[0.9320247173309326, 0.010106411762535572, 0.3622538447380066, -0.8953041434288025], [0.03780944272875786, -0.9968675374984741, -0.06946670264005661, 0.18673133850097656], [0.3604170083999634, 0.07844129204750061, -0.9294872283935547, 2.4619181156158447], [0.0, 0.0, 0.0, 1.0]], "angle": [0.07459790259599686, -0.37068483233451843, -0.01084307674318552]}, "10885-00.png": {"intrinsics": [[2985.29, 0.0, 512.0], [0.0, 2985.29, 512.0], [0.0, 0.0, 1.0]], "pose": [[0.9713438749313354, 0.014781639911234379, 0.2372184693813324, -0.5904046893119812], [0.013836046680808067, -0.9998883008956909, 0.005650610197335482, -0.006587742827832699], [0.23727551102638245, -0.0022065197117626667, -0.9714398980140686, 2.5841169357299805], [0.0, 0.0, 0.0, 1.0]], "angle": [-0.0058166710659861565, -0.23950158059597015, -0.015216546133160591]}, "10886-00.png": {"intrinsics": [[2985.29, 0.0, 512.0], [0.0, 2985.29, 512.0], [0.0, 0.0, 1.0]], "pose": [[0.9689936637878418, 0.011151152662932873, 0.2468336969614029, -0.6493091583251953], [0.02700154110789299, -0.9977771043777466, -0.060923442244529724, 0.176050066947937], [0.24560566246509552, 0.06569932401180267, -0.9671408534049988, 2.7092723846435547], [0.0, 0.0, 0.0, 1.0]], "angle": [0.06291022151708603, -0.249411478638649, -0.011507464572787285]}, "10890-00.png": {"intrinsics": [[2985.29, 0.0, 512.0], [0.0, 2985.29, 512.0], [0.0, 0.0, 1.0]], "pose": [[0.9959596395492554, -0.01658894307911396, -0.08825622498989105, 0.24165301024913788], [-0.026227116584777832, -0.9936742782592773, -0.1091950386762619, 0.30515170097351074], [-0.08588650822639465, 0.11106855422258377, -0.9900946021080017, 2.9001684188842773], [0.0, 0.0, 0.0, 1.0]], "angle": [0.10984355956315994, 0.08837120234966278, 0.01665470004081726]}, "10896-00.png": {"intrinsics": [[2985.29, 0.0, 512.0], [0.0, 2985.29, 512.0], [0.0, 0.0, 1.0]], "pose": [[0.9216392636299133, -0.010293134488165379, 0.387911319732666, -1.0140080451965332], [0.024644210934638977, -0.9960775375366211, -0.08498290926218033, 0.22478054463863373], [0.3872644901275635, 0.0878833457827568, -0.917770504951477, 2.5558221340179443], [0.0, 0.0, 0.0, 1.0]], "angle": [0.0923338234424591, -0.398364394903183, 0.011167825199663639]}, "10902-00.png": {"intrinsics": [[2985.29, 0.0, 512.0], [0.0, 2985.29, 512.0], [0.0, 0.0, 1.0]], "pose": [[0.968025803565979, 0.0009593650465831161, 0.2508487105369568, -0.64382004737854], [0.021124187856912613, -0.9967525005340576, -0.0777062401175499, 0.19867999851703644], [0.2499595433473587, 0.0805206224322319, -0.964902400970459, 2.653623104095459], [0.0, 0.0, 0.0, 1.0]], "angle": [0.0803593248128891, -0.25355690717697144, -0.0009910528315231204]}, "10905-00.png": {"intrinsics": [[2985.29, 0.0, 512.0], [0.0, 2985.29, 512.0], [0.0, 0.0, 1.0]], "pose": [[0.9082310199737549, -0.0008724660729058087, 0.4184682071208954, -1.1314444541931152], [0.028610823675990105, -0.9975283741950989, -0.06417583674192429, 0.18514031171798706], [0.4174898862838745, 0.0702592059969902, -0.9059612154960632, 2.6232335567474365], [0.0, 0.0, 0.0, 1.0]], "angle": [0.0707191601395607, -0.4317581057548523, 0.0009606210514903069]}, "10907-00.png": {"intrinsics": [[2985.29, 0.0, 512.0], [0.0, 2985.29, 512.0], [0.0, 0.0, 1.0]], "pose": [[0.9962831139564514, 0.004131902474910021, -0.08604062348604202, 0.22733713686466217], [-0.008843246847391129, -0.9886652827262878, -0.14987623691558838, 0.397563636302948], [-0.0856846421957016, 0.15008004009723663, -0.9849538803100586, 2.7803211212158203], [0.0, 0.0, 0.0, 1.0]], "angle": [0.15100735425949097, 0.08614713698625565, -0.0041472939774394035]}, "10923-00.png": {"intrinsics": [[2985.29, 0.0, 512.0], [0.0, 2985.29, 512.0], [0.0, 0.0, 1.0]], "pose": [[0.9734339714050293, 0.001213106676004827, -0.22896456718444824, 0.5779272317886353], [-0.04159051924943924, -0.9824138283729553, -0.18202553689479828, 0.45846566557884216], [-0.22515878081321716, 0.1867125928401947, -0.9562645554542542, 2.5978426933288574], [0.0, 0.0, 0.0, 1.0]], "angle": [0.18810030817985535, 0.23101386427879333, -0.0012462129816412926]}, "10927-00.png": {"intrinsics": [[2985.29, 0.0, 512.0], [0.0, 2985.29, 512.0], [0.0, 0.0, 1.0]], "pose": [[0.9678416848182678, 0.037911541759967804, -0.24868683516979218, 0.677933394908905], [-0.003519859164953232, -0.9864409565925598, -0.1640785038471222, 0.4446752667427063], [-0.2515353560447693, 0.15967735648155212, -0.9545853137969971, 2.754408597946167], [0.0, 0.0, 0.0, 1.0]], "angle": [0.1702212393283844, 0.25132426619529724, -0.039151206612586975]}, "10929-00.png": {"intrinsics": [[2985.29, 0.0, 512.0], [0.0, 2985.29, 512.0], [0.0, 0.0, 1.0]], "pose": [[0.9615880250930786, 0.012775734066963196, -0.27419933676719666, 0.7234411239624023], [-0.014001147821545601, -0.9953332543373108, -0.09547597169876099, 0.2545526921749115], [-0.27413949370384216, 0.0956476554274559, -0.9569216966629028, 2.6797237396240234], [0.0, 0.0, 0.0, 1.0]], "angle": [0.09944495558738708, 0.27775701880455017, -0.013285296969115734]}, "10956-00.png": {"intrinsics": [[2985.29, 0.0, 512.0], [0.0, 2985.29, 512.0], [0.0, 0.0, 1.0]], "pose": [[0.8898537755012512, 0.007740872912108898, -0.4561801254749298, 1.2728142738342285], [-0.04075619950890541, -0.9945100545883179, -0.09637735038995743, 0.27953124046325684], [-0.4544217586517334, 0.10435391962528229, -0.8846530318260193, 2.621924877166748], [0.0, 0.0, 0.0, 1.0]], "angle": [0.10851570218801498, 0.4736979007720947, -0.008698820136487484]}, "10957-00.png": {"intrinsics": [[2985.29, 0.0, 512.0], [0.0, 2985.29, 512.0], [0.0, 0.0, 1.0]], "pose": [[0.9492401480674744, 0.01573229394853115, -0.3141586482524872, 0.8738372325897217], [-0.015592407435178757, -0.9951671957969666, -0.09694848209619522, 0.269918829202652], [-0.31416559219